0.1815 5.7384 0.8960
0.0253 1.1242 0.8681
0.0253 1.1169 0.7529
0.0014 0.9743 0.7351
0.0014 0.9802 0.7411
0.0014 1.0073 0.7384
0.0013 1.0305 0.7515
0.0014 0.9928 0.7505
0.0014 0.9674 0.7455
0.0014 0.9822 0.7382
0.0013 1.0037 0.7633
0.0013 1.0083 0.7184
0.0014 1.0045 0.7386
0.0013 1.0050 0.7284
0.0015 1.0027 0.7712
0.0014 1.0045 0.7726
0.0013 0.9893 0.7292
0.0014 0.9595 0.7507
0.0015 0.9818 0.7321
0.0014 0.9923 0.7270
0.0014 0.9994 0.7324
0.0014 0.9764 0.7471
0.0015 0.9708 0.7339
0.0014 1.2308 0.7262
0.0017 1.0004 0.7673
0.0014 0.9514 0.7359
0.0014 0.9752 0.7173
0.0014 0.9774 0.7428
0.0013 0.9944 0.7685
0.0014 1.0023 0.7632
0.0014 1.0040 0.7324
0.0014 0.9889 0.7642
0.0014 0.9464 0.7292
0.0013 1.0095 0.7376
0.0014 1.0046 0.7464
0.0014 0.9615 0.7477
0.0014 0.9623 0.7341
0.0014 1.0017 0.7394
0.0014 0.9854 0.7554
0.0014 0.9886 0.7748
0.0014 0.9808 0.7708
0.0015 0.9825 0.7393
0.0014 1.0074 0.7227
0.0013 1.0008 0.7694
0.0014 0.9809 0.7612
0.0015 0.9997 0.7322
0.0014 1.0050 0.7650
0.0014 0.9806 0.7198
0.0014 0.9786 0.7379
0.0014 0.9962 0.7554
0.0016 1.0082 0.7280
0.0015 0.9683 0.7440
0.0014 0.9848 0.7464
0.0014 0.9687 0.7248
0.0014 1.0088 0.7395
0.0015 0.9693 0.7323
0.0017 1.0277 0.7326
0.0014 0.9874 0.7344
0.0014 0.9718 0.9688
0.0015 0.9421 0.7539
0.0015 1.0129 0.7328
0.0014 0.9683 0.7593
0.0014 0.9951 0.7424
0.0013 0.9774 0.7522
0.0014 1.0059 0.7503
0.0014 0.9898 0.7100
0.0014 0.9897 0.7447
0.0014 1.0034 1.2964
0.0016 1.3872 1.1014
0.0032 1.2988 1.1492
0.0027 1.0800 0.7136
0.0015 0.9876 0.7511
0.0014 1.0430 0.7387
0.0014 0.9752 0.7254
0.0014 1.0075 0.8792
0.0016 1.0016 0.7425
0.0015 0.9829 0.7457
0.0014 0.9563 0.7210
0.0014 0.9972 0.7371
0.0015 0.9761 0.7349
0.0015 0.9996 0.7210
0.0014 1.0020 0.7444
0.0014 1.0011 0.7302
0.0014 1.0027 0.7639
0.0014 1.0034 0.7289
0.0014 0.9636 0.7337
0.0014 0.9287 0.7318
0.0015 0.9710 0.7270
0.0014 0.9578 0.7803
0.0014 0.9839 0.7469
0.0014 0.9801 0.7305
0.0014 0.9605 0.7356
0.0014 0.9348 0.7149
0.0014 0.9890 0.7630
0.0013 1.2867 0.7278
0.0016 0.9814 0.7328
0.0017 1.0080 0.7531
0.0015 1.1073 0.7601
0.0014 1.2685 1.0722
0.0025 1.2292 1.0711
0.2195 4.7282 0.9650
0.0282 1.1140 0.9295
0.0015 1.0112 0.7417
0.0014 1.1564 0.7347
0.0014 1.0047 0.7484
0.0014 1.1591 1.2824
0.0018 1.1089 1.0271
0.0048 1.1059 0.8507
0.0014 1.0161 0.7693
0.0016 1.1508 1.2578
0.0024 1.0914 0.7836
0.0015 1.1646 0.9476
0.0026 1.4245 1.2588
0.0025 1.5808 1.2504
0.0016 0.9801 0.7407
0.0014 0.9813 0.7598
0.0015 1.0181 0.7614
0.0014 1.0555 0.8416
0.0016 0.9498 0.7365
0.0014 1.4139 1.4814
0.0026 1.4694 0.9853
0.0040 1.5200 1.0124
0.0017 1.0852 0.8582
0.0018 1.0441 0.8066
0.0015 1.1267 0.8406
0.0017 1.0522 1.0678
0.0021 1.2338 1.1097
0.0025 1.7341 0.8157
0.0015 0.9831 0.8704
0.0018 1.3603 1.1201
0.0023 1.3724 0.7928
0.0015 1.0134 0.7399
0.0022 1.0930 0.7495
0.0018 1.4961 1.4045
0.0039 1.6433 1.4057
0.0035 1.5765 0.9838
0.0017 1.3767 1.1038
0.0017 0.9393 0.8102
0.0017 1.0039 0.7318
0.0014 1.0136 0.7653
0.0015 1.5640 0.8499
0.0016 1.0051 0.7533
0.0014 1.0129 0.7524
0.0015 0.9713 0.7444
0.0014 0.9624 0.7967
0.0015 0.9668 0.7755
0.0014 0.9493 0.7384
0.0014 0.9853 0.7329
0.0013 0.9972 0.7730
0.0040 1.0349 0.7725
0.0015 0.9581 0.7230
0.0014 1.0098 0.7960
0.0018 1.0041 0.8866
0.0035 1.4262 0.7486
0.0014 0.9643 0.7381
0.0014 0.9856 0.7444
0.0015 0.9643 0.8134
0.0017 0.9544 0.7264
0.0014 0.9958 0.7527
0.0020 1.0011 0.7674
0.0016 1.0050 0.7590
0.0015 1.0130 0.7396
0.0015 1.1942 0.8884
0.0015 1.0223 1.0048
0.0019 1.0545 0.7967
0.0018 1.0058 0.9053
0.0017 1.1897 0.7546
0.0014 1.0056 0.7526
0.0014 0.9950 0.7530
0.0013 0.9789 0.7511
0.0016 1.0036 0.7619
0.0015 0.9453 0.7571
0.0013 0.9771 1.0322
0.0037 1.5528 1.1587
0.0020 1.1493 1.2726
0.0023 1.1411 0.7380
0.0015 1.0011 0.7502
0.0016 0.9989 0.7425
0.0016 1.0245 0.7676
0.0016 1.1770 1.2085
0.0020 1.0912 0.7400
0.0017 0.9897 0.7700
0.0014 1.0132 0.7621
0.0014 0.9554 0.7545
0.0015 0.9527 0.7324
0.0014 0.9739 0.7648
0.0014 0.9710 0.7423
0.0014 0.9359 0.7386
0.0013 0.9720 0.8041
0.0017 0.9319 0.7412
0.0015 0.9590 0.7348
0.0014 0.9941 0.7274
0.0014 0.9812 0.7487
0.0014 0.9887 1.0210
0.0037 1.0667 0.7447
0.0014 0.9975 0.7535
0.0015 0.9783 0.7336
0.0016 0.9852 0.7623
0.0017 0.9996 0.7629
0.0014 1.0230 0.7130
