3.3867 3.3788 0.9238
0.8285 0.8953 0.4899
0.4096 0.4321 0.4856
0.4090 0.4624 0.4946
0.4081 0.4222 0.4899
0.4165 0.4295 0.4925
0.4162 0.4221 0.4837
0.4138 0.4245 0.4833
0.4139 0.4264 0.4817
0.4168 0.4228 0.4809
0.4137 0.4159 0.4857
0.4137 0.4190 0.4903
0.4171 0.4159 0.4885
0.4142 0.4191 0.4831
0.4174 0.4160 0.4830
0.4192 0.4158 0.4938
0.4138 0.4194 0.5000
0.4113 0.4217 0.4894
0.4079 0.4222 0.4907
0.4081 0.4273 0.4806
0.4113 0.4241 0.5058
0.4085 0.4232 0.4859
0.4092 0.4270 0.4869
0.4109 0.4216 0.4876
0.4080 0.4244 0.4869
0.4603 0.4220 0.4884
0.4140 0.4237 0.4815
0.4096 0.4262 0.4771
0.4166 0.4314 0.4828
0.4140 0.4158 0.6156
0.4487 0.4160 0.4853
0.4198 0.4155 0.4897
0.4140 0.4194 0.4946
0.4170 0.4159 0.4922
0.4139 0.4159 0.4845
0.4139 0.4186 0.4832
0.4171 0.4157 0.4904
0.4079 0.4274 0.4849
0.4081 0.4268 0.4848
0.4112 0.4248 0.4945
0.4086 0.4300 0.4967
0.5123 0.8668 0.7473
0.4276 0.4245 0.4872
0.4147 0.4194 0.4898
0.4178 0.4161 0.4866
0.4149 0.4239 0.4903
0.4139 0.4642 0.4835
0.4174 0.4157 0.4883
0.4140 0.4189 0.4949
0.4078 0.4247 0.4858
0.4110 0.4214 0.4939
0.4038 0.4197 0.4867
0.4165 0.4217 0.4870
0.4082 0.4218 0.4912
0.4095 0.4247 0.4856
0.4114 0.4219 0.4878
0.4079 0.4218 0.4857
0.4080 0.4284 0.4794
0.4169 0.4234 0.4881
0.4140 0.4265 0.4753
0.4143 0.4256 0.4799
0.4182 0.4232 0.4839
0.4157 0.4271 0.4900
0.4170 0.4158 0.4929
0.5252 0.4158 0.4899
0.4138 0.4192 0.4935
0.4169 0.4159 0.4949
0.4111 0.4199 0.4912
0.4083 0.4746 0.4903
0.4113 0.4223 0.4862
0.4080 0.4201 0.4887
0.4115 0.4219 0.4886
0.4079 0.4219 0.4865
0.4082 0.4240 0.4917
0.4097 0.4220 0.4878
0.4083 0.4216 0.5663
0.4084 0.4292 0.4771
0.4171 0.4241 0.4823
0.4139 0.4267 0.4836
0.4167 0.4227 0.4856
0.4150 0.4232 0.4812
0.4143 0.4257 0.4752
0.4254 0.4158 0.4879
0.4140 0.4155 0.4863
0.4142 0.4191 0.4909
0.4168 0.4157 0.4879
0.4141 0.4157 0.4856
0.4032 0.6377 0.4911
0.4147 0.4160 0.4921
0.4080 0.4189 0.4847
0.4553 0.4160 0.4839
0.4082 0.4262 0.4883
0.4079 0.4321 0.4875
0.4112 0.4219 0.4884
0.4079 0.4265 0.4841
0.4109 0.4221 0.4955
0.4112 0.4217 0.4858
0.4135 0.4269 0.4786
0.4166 0.4232 0.5118
0.4152 0.4233 0.4849
3.5852 4.1075 1.1133
0.9576 0.9906 0.7950
0.5006 0.4265 0.5418
0.4154 0.4371 0.5109
0.4407 0.4170 0.4775
0.4087 0.4702 0.5147
0.4545 0.5176 0.5702
0.9220 0.5993 0.7843
0.4289 0.4376 0.6209
0.6408 0.4391 0.4876
0.4092 0.4567 0.5985
0.4365 0.4765 1.1034
1.2046 0.4602 0.8061
0.4810 0.5874 0.6629
0.4770 0.4989 0.6967
0.4559 0.4779 0.4961
0.4486 0.4168 0.5098
0.4531 0.4487 0.5053
0.4730 0.5643 0.5594
0.4535 0.5638 0.5004
0.4086 0.4348 0.5924
0.7955 0.8904 0.6838
0.6323 0.7886 0.8728
0.7408 0.6689 0.4996
0.4099 0.4265 0.6048
0.5047 0.9206 1.0391
0.6198 0.7442 0.6220
0.4390 0.6488 1.0168
0.6354 0.4886 0.6548
0.8741 0.4342 0.5304
0.4395 0.4578 0.5284
0.6645 0.6809 0.6020
0.4194 0.6348 0.7127
0.4284 0.4272 0.4796
0.4286 0.4550 0.7038
0.5902 0.6006 0.7164
0.4336 0.4229 0.5210
0.4295 0.5784 0.6270
0.4271 0.4435 0.5304
0.4365 0.4647 0.5181
0.4445 0.4329 0.4993
0.6921 0.4231 0.5054
0.4374 0.4590 1.0301
0.4383 0.4555 0.9909
0.8754 0.7273 1.0443
0.8995 0.4833 0.5546
0.4719 0.9135 1.0241
0.9557 0.6957 0.8518
0.9299 0.4621 0.4924
0.4618 0.4278 0.4998
0.4309 0.4297 0.4917
0.4315 0.7925 0.5475
0.4208 0.4160 0.4947
0.4156 0.4227 0.5041
0.4552 0.5779 0.6435
0.9241 0.9017 1.0217
1.0105 0.9602 1.0199
0.9369 0.5955 0.7551
0.6818 0.6119 0.6626
0.4434 0.4639 0.5187
0.4449 0.4478 0.5006
0.4201 0.4619 0.4865
0.4949 0.5364 0.6800
0.4090 0.4410 0.5808
0.7963 0.5024 0.5961
0.5702 0.6293 0.4988
0.4206 0.4314 0.4912
0.4534 0.5064 0.7942
1.0149 0.9100 0.5562
0.7840 0.4964 0.5069
0.4373 0.4397 0.5112
0.7529 0.4984 0.9393
0.6239 0.6352 0.8960
0.6761 0.4756 0.5196
0.4519 0.6013 0.7035
0.7496 0.4904 0.4795
0.4171 0.4303 0.4776
0.4269 0.4234 0.4818
0.4139 0.4520 0.4831
0.4159 0.4681 0.4947
0.5733 0.4460 0.8184
0.5131 0.7234 0.6346
0.5263 0.4390 0.5569
0.6096 0.4161 0.4879
0.4499 0.5083 0.4927
0.4291 0.6196 0.5836
0.4216 0.4247 0.5262
0.4174 0.4249 0.4865
0.4788 0.6575 1.0979
0.5094 0.6077 0.5558
0.4089 0.5424 0.5416
0.4581 0.5083 0.5762
0.4441 0.4308 0.5727
0.4155 0.4789 0.5359
0.4106 0.4301 0.4911
0.4543 0.4634 0.4911
0.4285 0.4300 0.5160
0.4250 0.4764 0.4853
0.4166 0.7397 0.5069
0.5496 0.7233 0.8617
