1.3166 0.7585 1.1016
0.7812 0.1363 0.4015
0.1312 0.1406 0.2240
0.1376 0.1320 0.2303
0.1350 0.1278 0.2370
0.1303 0.1290 0.2203
0.1393 0.1283 0.2296
0.1293 0.2443 0.2187
0.1279 0.1366 0.2204
0.1285 0.1280 0.2320
0.1279 0.2295 0.2145
0.1363 0.1262 0.2099
0.1385 0.1244 0.2247
0.2309 0.1248 0.2317
0.1287 0.1267 0.2252
0.1350 0.1282 0.3194
0.1363 0.1265 0.2083
0.1226 0.1240 0.2261
0.1248 0.1282 0.3295
0.1248 0.1467 0.2168
0.1342 0.1234 0.2114
0.1288 0.1336 0.3324
0.1291 0.1258 0.2268
0.1310 0.1236 0.2113
0.1370 0.1255 0.2231
0.1245 0.1334 0.2091
0.1261 0.1234 0.2284
0.1259 0.2237 0.2144
0.1329 0.1231 0.2238
0.1253 0.1322 0.2126
0.1253 0.2268 0.2193
0.1254 0.1236 0.2116
0.1352 0.1277 0.2125
0.2173 0.1331 0.2141
0.1249 0.1306 0.2195
0.1271 0.1263 0.2113
0.2352 0.1249 0.2126
0.1243 0.1356 0.2169
0.1311 0.1252 0.3201
0.1250 0.1241 0.2261
0.1235 0.1235 0.2142
0.1279 0.1347 0.3176
0.1255 0.1253 0.2132
0.1253 0.1236 0.2300
0.1280 0.1231 0.3126
0.1343 0.1921 0.2113
0.1244 0.1234 0.2166
0.1262 0.2328 0.2215
0.1260 0.1259 0.2187
0.2811 0.1294 0.2199
0.1298 0.2703 0.2156
0.1273 0.1263 0.2106
0.1265 0.1316 0.2175
0.2410 0.1280 0.2174
0.1331 0.1244 0.2120
0.1240 0.1265 0.2146
0.2338 0.1260 0.2179
0.1248 0.1257 0.2225
0.1255 0.1274 0.3171
0.1275 0.1248 0.2187
0.1487 0.1258 0.2192
0.1289 0.1255 0.3478
0.1279 0.1267 0.2370
0.1259 0.1307 0.2154
0.1371 0.2287 0.2179
0.1322 0.1350 0.2147
0.1249 0.1244 0.2272
0.1318 0.2276 0.2262
0.1273 0.1248 0.2183
0.1239 0.1267 0.2155
0.2251 0.1367 0.2188
0.1255 0.1261 0.2255
0.1268 0.1277 0.2227
0.2417 0.1241 0.2160
0.1261 0.1439 0.2146
0.1275 0.1279 0.3273
0.1321 0.1226 0.2271
0.1254 0.1231 0.2157
0.1548 0.1345 0.3155
0.1241 0.1341 0.2197
0.1258 0.1257 0.2241
0.1288 0.1260 0.2179
0.1351 0.1418 0.2141
0.1278 0.1383 0.2216
0.1249 0.2290 0.2392
0.1292 0.1239 0.2124
0.1490 0.1266 0.2315
0.1357 0.2464 0.2139
0.1257 0.1366 0.2214
0.1284 0.1258 0.2313
0.2287 0.1479 0.2235
0.1375 0.1248 0.2153
0.1250 0.1380 0.2159
0.2530 0.1267 0.2133
0.1267 0.1261 0.2277
0.1257 0.1289 0.3283
0.1605 0.1257 0.2174
0.1257 0.1355 0.2222
0.1273 0.1236 0.3461
0.1266 0.1256 0.2990
1.3296 0.9474 1.8421
0.5889 0.1465 0.2394
0.1454 0.1403 0.2313
0.1427 0.1552 0.6962
0.1383 0.1570 0.2237
0.1470 0.1368 0.2962
0.1462 0.1364 0.4165
0.1369 0.1321 0.2332
0.1441 0.1336 0.2404
0.1552 0.1377 0.3636
0.1355 0.1462 0.2276
0.1417 0.1356 0.2420
0.2050 0.2856 0.2275
0.1386 0.1597 0.2376
0.1359 0.1319 0.2242
0.1518 0.2646 0.2200
0.1489 0.1308 0.2235
0.1356 0.1409 0.2279
0.2496 0.1349 0.2378
0.1672 0.1334 0.2358
0.1391 0.1340 0.2273
0.2833 0.1331 0.2176
0.1457 0.1328 0.2223
0.1360 0.1352 0.3523
0.1365 0.1323 0.2537
0.1354 0.1267 0.2281
0.1379 0.1296 0.3432
0.1422 0.2543 0.2922
0.1414 0.1347 0.2274
0.1457 0.1312 0.2274
0.1397 0.1336 0.2339
0.1366 0.1326 0.2292
0.1350 0.3304 0.2603
0.1407 0.1315 0.2435
0.1414 0.1431 0.3146
0.1581 0.3340 0.2418
0.1425 0.1367 0.2287
0.1419 0.1347 0.3588
0.3071 0.1367 0.2264
0.1375 0.1334 0.2365
0.2964 0.1471 0.2479
0.3071 0.1409 0.2335
0.1451 0.1412 0.2441
0.1341 0.1405 0.4486
0.1359 0.1351 0.2298
0.1708 0.1608 0.2382
0.1579 0.1334 0.3871
0.1364 0.1295 0.2219
0.1390 0.1345 0.2282
0.1374 0.2726 0.2243
0.1389 0.1377 0.3554
0.1530 0.1318 0.2426
0.1402 0.6119 0.2433
0.1393 0.1345 0.2236
0.1369 0.1346 0.2523
0.3126 0.1378 0.2456
0.1388 0.1341 0.2314
0.1857 0.1420 0.2379
0.3069 0.1361 0.2253
0.1363 0.1501 0.2396
0.1813 0.1423 0.4040
0.1370 0.1612 0.2397
0.1369 0.1329 0.2362
0.1409 0.1358 0.3694
0.1357 0.1323 0.2273
0.1476 0.1343 0.2260
0.1376 0.2564 0.2278
0.1342 0.1316 0.2417
0.1387 0.1297 0.2426
0.1332 0.2458 0.2227
0.1491 0.1325 0.2204
0.1331 0.1415 0.2222
0.2536 0.1430 0.2247
0.1299 0.1268 0.2315
0.1332 0.1308 0.2230
0.2598 0.1294 0.2118
0.1294 0.1388 0.2268
0.1351 0.3282 1.0477
0.4166 0.3956 0.6319
0.4072 0.4443 0.6296
0.4486 0.3898 0.8021
0.1523 0.1496 0.2739
0.1519 0.1461 0.3078
0.1563 0.1412 0.2395
0.2043 0.1419 0.2338
0.1452 0.1362 0.2463
0.1448 0.3214 0.2314
0.1682 0.1389 0.2381
0.1428 0.1380 0.2400
0.1409 0.1421 0.2612
0.1411 0.1346 0.2307
0.1663 0.1384 0.2303
0.2828 0.1393 0.2317
0.1426 0.1372 0.2330
0.1384 0.1395 0.2443
0.2667 0.1386 0.2501
0.1832 0.1726 0.3610
0.1403 0.1344 0.4041
0.1452 0.1359 0.2387
0.1724 0.1395 0.2385
