2.5408 1.7743 0.3517
0.4200 0.4745 0.5610
0.2830 0.2720 0.5769
0.3906 0.3789 0.5332
0.4530 0.4511 0.4273
0.3735 0.2786 0.3035
0.2790 0.2953 0.3003
0.3067 0.2701 0.3215
0.2662 0.2641 0.3223
0.2861 0.2827 0.3548
0.4835 0.2814 0.3312
0.3594 0.1274 0.1652
0.1650 0.1416 0.1568
0.1604 0.1433 0.1704
0.1476 0.2859 0.1538
0.1456 0.1293 0.1702
0.1371 0.1202 0.1558
0.1387 0.1390 0.1582
0.1510 0.2653 0.1553
0.1377 0.1227 0.1550
0.1475 0.1232 0.1553
0.1385 0.1260 0.1663
0.1420 0.1242 0.1568
0.1348 0.1237 0.1533
0.1385 0.1287 0.1540
0.1336 0.1211 0.1605
0.1428 0.1253 0.1551
0.1381 0.1326 0.1546
0.1375 0.1240 0.1526
0.1451 0.1177 0.1558
0.1322 0.1189 0.2660
0.1331 0.1150 0.1525
0.1442 0.1259 0.1697
0.1458 0.1539 0.1680
0.1442 0.1315 0.3295
0.1532 0.1195 0.1524
0.1484 0.1313 0.1650
0.1471 0.1293 0.1710
0.1452 0.1308 0.2539
0.1524 0.1288 0.1651
0.1410 0.1382 0.1533
0.1344 0.1249 0.1542
0.1476 0.1240 0.2546
0.1369 0.1322 0.1534
0.1335 0.1211 0.1618
0.1583 0.1253 0.1577
0.1454 0.1408 0.2593
0.1526 0.1255 0.1734
0.1361 0.1212 0.1567
0.1431 0.1312 0.1530
0.1350 0.1191 0.2692
0.1571 0.1265 0.1526
0.1488 0.1243 0.1534
0.1478 0.1311 0.1646
0.1377 0.1221 0.2466
0.1564 0.1195 0.1518
0.1393 0.1266 0.1615
0.1394 0.1246 0.1546
0.1476 0.1220 0.2443
0.1458 0.1439 0.1532
0.1316 0.1179 0.1538
0.1512 0.1376 0.1573
0.1458 0.1300 0.2609
0.1518 0.1261 0.1541
0.1433 0.1206 0.1528
0.1351 0.1212 0.1556
0.1407 0.1256 0.2542
0.1476 0.1241 0.1658
0.1445 0.1391 0.1669
0.1434 0.1333 0.1688
0.1364 0.1228 0.2468
0.1404 0.1211 0.1589
0.1398 0.1254 0.1646
0.1302 0.1169 0.1526
0.1364 0.1255 0.1505
0.1428 0.1240 0.1687
0.1569 0.3904 0.1887
0.2143 0.1466 0.1730
0.1612 0.1414 0.1827
0.3566 0.1379 0.1827
0.1475 0.1335 0.1705
0.1501 0.1430 0.1609
0.1466 0.1262 0.1613
0.2953 0.1350 0.1612
0.1587 0.1390 0.1657
0.1499 0.1347 0.1714
0.1396 0.1241 0.1621
0.2619 0.1252 0.1577
0.1384 0.1241 0.1858
0.1529 0.1424 0.1610
0.1664 0.1501 0.1624
0.3046 0.1546 0.1714
0.1653 0.1351 0.1634
0.1371 0.1225 0.1549
0.1451 0.1307 0.2044
0.2346 0.1200 0.1557
0.1389 0.1293 0.1551
0.1478 0.1258 0.1565
0.1387 0.1258 0.1616
0.2346 0.1211 0.1668
2.9365 1.0639 0.3207
0.3044 0.3380 0.3607
0.2877 0.3243 0.3706
0.4641 0.6243 0.3693
0.3030 0.2845 0.3162
0.3101 0.2813 0.3237
0.2903 0.2817 0.3231
0.2942 0.3805 0.5358
0.4429 0.2915 0.3219
0.5884 0.2825 0.3224
0.2904 0.2859 0.3126
0.2922 0.2808 0.3670
0.2841 0.2784 0.4880
0.1312 0.1324 0.1745
0.3540 0.1284 0.1652
0.1485 0.1366 0.1653
0.1468 0.1320 0.1535
0.1347 0.1235 0.1622
0.1338 0.1305 0.1561
0.1410 0.1297 0.1566
0.1441 0.1331 0.1607
0.1442 0.1367 0.1598
0.1426 0.1251 0.1555
0.1346 0.1193 0.1535
0.1346 0.1203 0.1541
0.1340 0.1234 0.1531
0.1343 0.2633 0.1542
0.1365 0.1296 0.1537
0.1379 0.1273 0.1555
0.2141 0.1303 0.1554
0.1363 0.2869 0.1566
0.1451 0.1305 0.1777
0.1350 0.1208 0.2567
0.1366 0.1375 0.1563
0.1569 0.3084 0.1683
0.1476 0.1375 0.1739
0.1405 0.1290 0.1556
0.1379 0.1253 0.1543
0.1369 0.2641 0.1517
0.1362 0.1196 0.1534
0.1354 0.1191 0.1533
0.1338 0.1206 0.1541
0.1345 0.2683 0.1662
0.1452 0.1346 0.1659
0.1600 0.1245 0.1541
0.1331 0.1190 0.1769
0.1339 0.2404 0.1521
0.1316 0.1185 0.1587
0.1357 0.1328 0.1530
0.1344 0.1212 0.1573
0.1441 0.2406 0.1523
0.1321 0.1279 0.1510
0.1306 0.1174 0.1606
0.1403 0.1170 0.1571
0.1304 0.2421 0.1645
0.1456 0.1316 0.1733
0.1362 0.1222 0.1519
0.1368 0.1325 0.1589
0.1403 0.2432 0.1622
0.1328 0.1172 0.1534
0.1331 0.1178 0.1609
0.1440 0.1210 0.1734
0.1391 0.2609 0.1542
0.1483 0.1222 0.1536
0.1365 0.1190 0.1613
0.1352 0.1173 0.1542
0.1443 0.2350 0.1772
0.1648 0.1290 0.1539
0.1325 0.1146 0.1509
0.1514 0.1240 0.1697
0.1477 0.2624 0.1535
0.1371 0.1228 0.1649
0.1438 0.1289 0.1562
0.1517 0.1220 0.1563
0.1301 0.2368 0.1523
0.1310 0.1182 0.1531
0.1474 0.1217 0.1553
0.1394 0.1204 0.1664
0.1355 0.2274 0.1671
0.1426 0.1167 0.1537
0.1327 0.1150 0.1624
0.1321 0.1146 0.1546
0.1451 0.2339 0.1540
0.1368 0.1361 0.1544
0.1356 0.1214 0.1517
0.1403 0.1194 0.1557
0.1307 0.1185 0.1526
0.1385 0.1272 0.1676
0.1557 0.1244 0.1538
0.1362 0.1305 0.1690
0.1486 0.1295 0.2930
0.1332 0.1192 0.1533
0.1443 0.1384 0.1675
0.1530 0.1395 0.1719
0.1453 0.1321 0.2931
0.1358 0.1203 0.1502
0.1328 0.1290 0.1674
0.1473 0.1358 0.1858
0.1439 0.1225 0.2722
0.1350 0.1241 0.1525
