3.5559 4.3307 1.3374
1.0192 1.5665 1.6222
0.9163 1.4878 1.1601
0.8681 1.3701 1.1497
0.8255 1.3318 1.0300
0.7755 1.1061 0.9154
0.6143 0.9787 0.8391
0.6034 0.9706 0.8302
0.5908 0.9783 0.8362
0.6039 0.9757 0.8232
0.6009 1.0064 0.8402
0.5964 0.9806 0.8291
0.6004 0.9790 0.8355
0.5977 0.9683 0.8294
0.6045 0.9726 0.8532
0.5912 0.9842 0.8509
0.6008 0.9902 0.8546
0.5905 0.9801 0.8485
0.6076 0.9778 0.8329
0.5966 0.9840 0.8400
0.5995 0.9813 0.8192
0.5963 0.9751 0.8259
0.5995 0.9769 0.8320
0.5994 1.0899 1.1137
0.6339 1.0026 0.8415
0.5995 0.9817 0.8350
0.5967 0.9853 0.8294
0.5994 0.9927 0.8368
0.5995 0.9859 0.8395
0.5927 0.9831 0.8467
0.5987 0.9648 0.8269
0.5985 0.9828 0.8348
0.5994 0.9773 0.8865
0.5928 0.9789 0.8278
0.5964 0.9902 0.8227
0.5992 0.9887 0.8357
0.6075 0.9905 0.8300
0.5998 0.9802 0.8289
0.5967 0.9758 0.8335
0.5988 0.9866 0.8386
0.5974 0.9864 0.8439
0.5992 0.9743 0.8242
0.5988 0.9837 0.8497
0.5906 0.9784 0.8335
0.5987 0.9829 0.8500
0.5963 0.9746 0.8538
0.5993 0.9898 0.8359
0.5966 0.9743 0.8246
0.5984 0.9811 0.8522
0.6031 0.9750 0.8396
0.5986 0.9747 0.8218
0.5977 0.9823 0.8318
0.5991 0.9838 0.8394
0.5965 0.9758 0.8407
0.5989 0.9755 0.8228
0.5964 1.0707 0.8360
0.5928 0.9915 0.8849
0.5973 0.9938 0.8387
0.5987 0.9756 0.8332
0.5973 0.9772 0.8300
0.5992 0.9727 0.8388
0.5978 0.9865 0.8522
0.6435 1.0090 0.8277
0.5988 0.9824 0.8347
0.5999 0.9776 0.8313
0.5983 0.9868 0.8368
0.5989 0.9720 0.8373
0.5990 0.9768 0.8368
0.5966 0.9927 0.8451
0.6364 0.9785 0.8355
0.5966 0.9940 0.8216
0.5997 0.9821 0.8432
0.5973 0.9786 0.8347
0.5991 0.9798 0.8352
0.5969 0.9777 0.8853
0.6093 0.9937 0.8259
0.5969 0.9811 0.8360
0.5932 0.9813 0.8116
0.5986 0.9774 0.8278
0.5965 0.9842 1.1518
1.1424 1.2202 1.3263
0.6019 0.9888 0.8341
0.5968 0.9735 0.8371
0.5986 0.9842 0.8340
0.5967 0.9837 0.8463
0.5988 0.9846 0.8393
0.5963 0.9775 0.8422
0.6006 0.9777 0.8317
0.5970 0.9716 0.8353
0.5990 0.9807 0.8368
0.5971 0.9785 0.8301
0.5992 0.9752 0.8307
0.5988 0.9771 0.8730
0.5977 0.9921 0.8657
0.5992 0.9843 0.8313
0.5995 0.9905 0.8265
0.5988 0.9854 0.8368
0.5969 0.9866 0.8249
0.5996 0.9888 0.8592
0.5965 1.0042 0.8391
2.3473 3.2491 0.8903
0.5850 0.8530 0.8643
0.5422 0.9577 1.0632
0.6968 1.0731 1.2023
0.5413 1.0315 1.3673
0.9412 1.1210 0.8198
0.4944 0.8542 0.7509
0.5705 0.8022 0.8488
0.4898 0.9521 0.8322
0.5116 0.7953 0.7476
0.5137 0.8313 0.6992
0.5092 0.8582 0.7426
0.5117 0.9384 0.7764
0.5018 0.8345 0.7447
0.4960 0.8300 0.7103
0.5652 1.2064 0.8692
0.9785 1.0464 1.2021
0.8033 0.9703 1.1337
0.7141 0.9049 0.9231
0.8294 0.9512 1.0343
0.6261 1.0095 0.9784
0.9257 0.9824 1.0550
0.6279 0.8271 0.8872
0.6692 1.1388 1.5311
0.7859 1.1455 1.3545
0.7781 1.2283 1.0260
0.6213 1.0839 1.1275
0.6231 1.2822 0.9223
0.5913 1.3949 0.9716
0.6214 0.9945 0.9179
0.8433 1.2485 0.9572
0.6875 0.9855 0.8629
0.6256 0.9915 0.8840
0.6209 1.0378 0.8914
0.6099 1.0023 1.1923
0.9813 1.0585 1.0618
0.6336 1.0528 0.9705
0.6940 1.0220 0.9009
0.6253 1.0226 0.8737
0.6109 0.9921 0.9277
0.6000 0.9918 0.9010
0.7097 1.2131 0.8465
0.6037 1.0010 0.8938
0.6346 1.3470 1.0334
0.6761 1.0848 0.9453
0.5992 1.0085 0.9871
0.6448 0.9945 0.8751
0.6243 1.0032 0.9326
0.6049 0.9916 0.9956
0.6343 1.0600 0.8884
0.7242 1.2525 1.3399
0.6221 1.0103 0.8518
0.6033 1.0525 0.8612
0.6020 0.9935 1.1879
0.6984 1.1025 0.9649
0.6765 1.0674 1.1125
0.6173 1.4637 0.9199
0.7313 1.3129 1.3419
0.6058 0.9875 0.8673
0.5978 1.0007 1.0001
0.6268 1.0215 0.9692
1.2143 1.7931 2.8767
1.1900 0.9855 0.9132
0.6543 1.1496 1.2396
0.6840 1.1387 0.9144
0.6225 1.3387 1.5377
0.6087 1.0478 0.8894
0.6671 1.0109 0.9112
1.3548 1.0038 0.8543
0.6156 1.0473 0.8393
0.6004 1.0382 1.1166
0.6866 0.9766 0.8271
0.5915 1.4387 0.9579
0.6066 0.9746 0.8378
0.5918 0.9745 0.8171
0.6196 1.4953 0.9367
0.6225 1.0278 0.9031
0.7068 1.0099 0.8400
0.7204 1.3097 1.0467
0.7127 1.0073 1.2051
0.8856 1.4359 1.3546
1.1246 1.6969 1.3997
0.7167 0.9941 0.8568
0.6000 0.9987 0.8643
0.6089 0.9989 1.2847
0.6300 1.0601 1.0857
0.6784 1.2097 1.1370
0.7307 1.1513 0.8401
0.6092 1.0321 1.0673
0.6220 0.9910 0.9601
0.7543 1.1642 0.9563
0.7452 1.0672 0.8563
0.6340 1.2426 1.2299
0.7578 1.1805 1.0278
0.6474 1.1789 0.8361
0.6168 1.0752 1.1046
0.7167 1.4358 1.4373
0.6157 1.1604 1.7066
1.3898 1.4713 1.5519
0.8871 1.2115 0.9078
