2.1072 2.5930 4.0600
3.0409 1.3437 1.0099
1.0906 0.5922 0.8706
0.9588 0.4254 0.6850
0.4132 0.4484 0.7299
0.4578 0.5988 0.5185
0.5346 0.5832 0.4970
0.5214 0.3951 0.5630
0.3853 0.3768 0.5398
0.3771 0.4676 0.4560
0.5297 0.5422 0.5777
0.5561 0.5188 0.5215
0.6365 0.4340 0.5898
0.3953 0.3823 0.5766
0.3774 0.5036 0.4863
0.4013 0.6455 0.8188
0.7761 0.4107 0.5416
0.5846 0.4485 0.6374
0.4067 0.4117 0.5604
0.3791 0.4761 0.4581
0.4064 0.4013 0.4655
0.5053 0.3974 0.5830
0.4065 0.3877 0.5706
0.3934 0.4715 0.4639
0.3764 0.4490 0.4577
0.4608 0.3638 0.4530
0.4447 0.3710 0.5312
0.3633 0.3804 0.5407
0.3847 0.6893 0.5152
0.4760 0.5599 0.4966
0.5125 0.3984 0.4636
0.3841 0.3708 0.5503
0.3993 0.3898 0.4693
0.3971 0.4905 0.4648
0.8207 0.4117 0.5048
0.5151 0.3838 0.5636
0.3804 0.3846 0.6317
0.3759 0.4710 0.4643
0.4143 0.5017 0.4633
0.4917 0.3736 0.4517
0.4781 0.3721 0.5547
0.3780 0.3645 0.5291
0.3783 0.4783 0.4441
0.3727 0.4608 0.4858
0.4843 0.3634 0.5524
0.3920 0.3736 0.5474
0.3687 0.4790 0.4615
0.3754 0.4649 0.4517
0.4512 0.3703 0.4409
0.4563 0.3751 0.5287
0.3690 0.3723 0.5260
0.3808 0.4780 0.6077
0.4062 0.6920 0.5120
0.4870 0.3888 0.4494
0.4747 0.3778 0.5317
0.3721 0.3654 0.5327
0.5819 1.0065 0.4778
0.6082 0.6845 0.7031
0.5601 0.3930 0.5924
0.3826 0.3900 0.5582
0.3852 0.4885 0.7174
1.0164 0.6067 0.5134
0.7148 0.6865 0.4845
0.5624 0.3863 0.6169
0.4185 0.4007 0.5689
0.6378 0.5929 0.4971
0.4070 0.5411 0.4873
0.4887 0.3866 0.4657
0.3881 0.4056 0.5689
0.3726 0.3877 0.4589
0.3745 0.4757 0.4498
0.4552 0.3693 0.4490
0.4581 0.3633 0.7229
0.3709 0.3590 0.6572
0.6372 0.7220 0.4399
0.4377 0.6434 0.7615
0.8414 0.4085 0.4724
0.3853 0.4043 0.5671
0.3711 0.3742 0.4545
0.3794 0.4889 0.4397
0.3733 0.3660 0.4568
0.4897 0.3651 0.4656
0.3650 0.3801 0.5801
0.3944 0.4011 0.4577
0.3944 0.4742 0.4498
0.3769 0.3573 0.4602
0.4737 0.4171 0.4501
0.3804 0.3652 0.5638
0.3589 0.3727 0.4541
0.3676 0.4755 0.4438
0.3803 0.3708 0.4396
0.5256 0.3606 0.4538
0.3689 0.3616 0.5549
0.3680 0.3653 0.4481
0.3754 0.4662 0.4546
0.3657 0.3729 0.4472
0.4704 0.3735 0.4364
0.3938 0.3639 0.5491
0.3750 0.3613 0.5461
0.3675 0.4935 0.4564
1.5798 1.0880 1.8380
1.7462 1.2872 0.7468
0.3835 0.5313 0.4593
0.3825 0.4796 0.4780
0.4876 0.3972 0.4726
0.4687 0.3900 0.5602
0.3679 0.3857 0.5454
0.3741 0.4740 0.4460
0.3968 0.3835 0.4539
0.4827 0.3798 0.5364
0.3782 0.3713 0.5252
0.3760 0.4524 0.4535
0.3770 0.4578 0.4534
0.4667 0.3646 0.4584
0.4579 0.3624 0.5377
0.3641 0.3791 0.5366
0.3700 0.4876 0.4564
0.4508 0.6170 0.5534
0.6065 0.4007 0.8825
0.4160 0.6650 0.9079
0.4187 0.6483 0.6051
0.4011 0.6719 0.4562
0.5063 0.3885 0.4522
0.4794 0.3897 0.5404
0.3734 0.4185 0.8437
0.7843 2.4132 0.6443
0.3955 0.6087 1.0160
1.7313 0.9944 0.4720
0.6504 0.4019 0.6314
0.4056 0.4074 0.6009
0.4095 0.5237 0.4651
0.5131 0.7184 0.6196
0.8190 1.3486 1.3305
0.4633 0.4067 0.6416
0.4321 0.5464 0.5142
0.3836 0.6530 0.4588
0.4993 0.3867 0.4830
0.4868 0.3883 0.5807
0.3756 0.3883 0.5567
0.3808 0.5306 0.5581
0.3799 0.4925 0.4615
0.4724 0.3877 0.4695
0.5218 0.3892 0.5771
0.3899 0.3908 0.4778
0.4545 0.6311 0.4675
0.5010 0.3797 0.4729
0.5962 0.5372 0.5795
0.3852 0.3877 0.5444
0.3841 0.5117 0.9216
0.8427 0.6154 0.5074
0.5933 0.4338 0.5200
0.6915 0.3779 0.6213
0.4442 0.4013 0.6289
0.3850 0.5046 0.4759
0.3795 0.4949 0.5182
0.5116 0.3854 0.5588
0.3816 0.3877 0.5481
0.3732 0.4748 0.5280
0.3894 0.6177 0.5493
0.5179 0.3710 0.4634
0.4772 0.3694 0.5513
0.3704 0.3833 0.5322
0.3677 0.4620 0.4541
0.3650 0.4577 0.4410
0.4912 1.6702 1.1300
0.6388 0.4419 0.6147
0.4428 0.4145 0.5891
1.4408 0.7783 0.7051
0.7167 0.3989 0.7312
0.5638 0.4122 0.6117
0.3947 0.4074 0.7210
0.3767 0.5454 0.4944
0.4184 0.6999 0.4629
0.4424 0.7004 0.8274
0.6993 0.3934 0.5537
0.7641 0.8132 0.8092
0.4007 0.5042 0.7674
0.3907 0.5766 0.4639
0.3758 0.3765 0.4578
0.5304 0.3822 0.4930
0.3751 0.3846 0.6344
0.3730 0.4299 0.4635
0.3966 0.5613 0.4767
0.3764 0.3942 0.4571
0.5226 0.3955 0.4534
0.3869 0.3940 0.5861
0.3969 0.3803 0.4808
0.3929 0.5027 0.4524
0.3884 0.4073 0.4692
0.5274 0.3748 0.4633
0.3878 0.3800 0.5830
0.3846 0.4193 0.4713
0.3874 0.5438 0.4637
0.7150 0.8584 0.4697
0.6148 0.3852 0.5485
0.7396 0.3916 0.6893
0.3903 0.3882 0.4576
0.3937 0.6547 0.4799
0.4396 0.3796 0.4775
0.5760 0.3838 0.4732
